%Fitness Function

function y = ups(x)



%MRR
y(1) = 76.1 - 0.091*x(1) - 691*x(2)+ 214*x(3) - 0.000005*(x(1)^2) + 993*(x(2)^2) - 327*(x(3)^2) + 0.324*(x(1)*x(2))+ 53*(x(2)*x(3)) + 0.120*(x(1)*x(3));

%Ra
y(2) = 	-1.16 + 0.00175*x(1) + 12.8*x(2) + 0.17*x(3) - 0.000002*(x(1)^2) - 10.8*(x(2)^2)  + 1.67*(x(3)^2)- 0.00578*(x(1)*x(2))+ 1.9*(x(2)*x(3))  + 0.00120*(x(1)*x(3));


end

